256 4096
71 16
144 224
7 158
213 229
92 167
150 224
85 210
246 200
243 216
128 177
107 193
137 246
193 30
239 28
185 22
218 76
124 250
166 135
59 151
128 84
184 68
215 198
229 41
90 109
56 61
43 111
200 193
80 55
147 84
150 18
222 212
64 158
232 196
185 2
54 213
52 11
158 196
68 2
39 15
37 163
198 184
234 35
37 64
172 252
131 215
11 253
128 212
152 180
235 246
216 199
151 126
135 81
159 183
153 110
69 66
10 99
4 217
3 169
10 211
0 20
230 131
230 145
87 209
179 232
102 7
144 154
163 51
154 120
132 87
97 229
39 49
102 203
56 177
223 204
75 92
19 86
169 242
194 112
205 140
149 79
192 121
20 54
16 62
54 126
108 97
68 59
120 97
194 211
68 244
176 195
136 18
185 37
73 231
113 179
58 155
38 155
114 192
187 115
39 13
163 85
133 118
99 197
253 206
10 245
133 105
100 255
76 4
76 109
79 98
89 111
63 240
28 53
252 44
55 70
102 59
25 135
249 212
221 18
64 113
156 68
212 175
213 146
236 46
198 3
71 235
96 228
103 6
246 52
235 83
178 112
198 207
18 135
4 102
191 79
136 5
11 110
221 45
240 19
196 200
34 26
155 5
60 168
78 38
100 242
35 171
248 210
8 172
70 217
205 225
101 224
87 214
203 18
216 15
201 202
219 30
174 37
138 25
122 252
196 56
72 25
86 246
205 227
229 24
86 108
61 44
27 96
210 60
176 6
78 81
216 192
39 187
162 101
31 74
226 172
223 196
116 70
48 0
152 223
235 20
197 59
164 25
252 29
186 129
122 243
61 49
142 125
185 228
100 87
9 92
252 200
132 165
112 23
154 144
218 98
60 46
115 175
252 85
216 63
11 184
56 201
156 63
49 42
15 68
32 174
73 238
101 52
254 53
240 201
81 97
91 125
244 52
236 25
16 168
32 133
141 114
251 198
17 13
229 168
153 217
22 153
80 160
190 168
148 113
10 176
195 159
193 29
231 11
164 192
9 158
4 202
96 195
185 82
156 124
155 146
57 166
115 240
188 151
41 6
160 0
216 233
212 88
148 109
240 193
159 149
63 163
139 86
201 157
35 247
151 157
155 203
211 39
182 61
83 35
178 160
239 117
29 187
166 116
145 238
76 74
126 39
233 78
173 207
82 89
218 110
176 61
224 109
10 109
212 146
202 46
95 75
104 211
72 109
182 180
85 229
175 48
145 187
251 254
149 17
203 159
249 139
146 239
14 249
31 83
40 104
67 22
46 241
52 63
128 172
121 60
219 4
232 24
80 139
198 152
16 251
248 255
157 100
67 72
109 208
196 114
66 119
40 130
119 59
15 113
15 98
167 184
153 51
158 43
100 16
199 153
131 123
130 53
249 16
196 130
25 78
147 44
143 228
174 100
64 83
13 126
8 83
23 236
7 6
20 149
153 231
25 177
43 9
130 141
60 83
84 88
173 231
49 26
136 40
94 108
163 18
53 22
8 34
81 155
8 172
29 243
23 162
68 40
89 87
177 163
129 158
84 80
121 0
0 0
40 216
122 179
149 84
8 185
138 203
24 121
156 156
110 41
111 132
145 238
243 81
173 134
124 227
12 111
14 233
255 121
47 155
114 71
112 245
144 202
110 149
184 115
99 245
84 239
75 248
228 3
166 122
6 197
156 151
36 83
13 80
149 12
80 211
221 221
202 52
228 73
248 171
212 214
168 157
165 11
199 189
242 11
131 96
103 54
98 17
150 254
153 253
53 147
234 23
248 86
103 13
147 240
207 5
104 160
74 11
238 186
45 56
230 187
23 96
206 194
78 8
240 158
15 122
113 223
219 94
190 98
88 50
224 51
47 61
253 187
129 62
172 249
93 189
214 191
215 238
196 169
164 165
75 165
45 84
249 248
174 219
225 24
178 144
228 221
185 117
204 63
12 224
179 228
47 107
87 202
179 214
220 105
35 84
163 61
119 73
173 80
14 200
152 47
29 71
138 160
253 111
53 92
195 30
81 139
55 172
180 4
113 216
162 243
31 202
48 202
224 31
216 25
169 34
177 117
181 252
233 122
30 12
158 153
25 113
42 125
20 165
52 49
116 161
170 175
122 59
189 224
194 61
106 241
246 41
0 48
182 123
248 76
131 59
14 21
193 61
5 46
93 199
157 82
137 234
38 181
212 64
217 98
23 100
57 140
135 42
164 173
192 212
53 103
165 254
134 0
169 133
194 191
66 232
5 32
37 58
19 134
211 212
234 45
1 159
147 102
64 199
168 163
140 153
48 248
239 154
251 187
94 167
85 170
142 7
53 62
91 160
147 9
212 224
88 63
50 198
97 66
50 217
219 195
44 69
7 97
237 168
75 54
14 42
50 182
189 125
51 58
51 177
189 44
221 41
79 129
135 192
112 201
165 222
56 223
24 234
182 105
172 202
249 72
224 244
58 113
20 88
118 162
141 246
7 159
229 42
238 184
74 19
221 77
65 241
60 58
213 195
109 129
200 60
37 99
234 244
243 251
100 164
93 29
217 153
252 231
133 196
91 150
134 10
109 242
136 109
217 163
140 3
137 229
83 249
58 255
61 231
250 217
41 71
81 32
76 209
152 37
60 58
179 47
184 186
41 140
80 80
45 117
43 216
97 26
251 64
230 44
248 68
234 19
5 19
93 46
88 115
164 39
55 135
71 46
247 203
54 136
18 1
203 154
72 54
126 28
79 254
85 76
39 210
94 210
65 8
85 128
252 109
251 220
153 121
169 32
170 125
32 167
19 47
150 143
82 93
204 238
193 154
197 106
90 244
10 223
122 49
132 113
100 88
43 117
175 131
17 4
216 174
45 106
147 62
252 30
2 116
100 146
153 62
236 253
100 44
52 246
163 191
188 254
220 131
102 54
118 56
127 35
211 188
72 10
65 232
29 227
174 226
17 212
106 190
207 255
124 120
235 118
218 211
95 91
73 144
102 67
93 53
237 89
53 203
36 129
203 31
97 62
154 134
215 246
162 170
13 72
211 153
17 20
119 153
213 116
6 242
122 252
173 122
188 168
10 6
28 25
28 134
150 229
251 175
246 114
206 23
150 29
71 37
202 175
109 218
105 34
247 97
92 150
137 240
116 31
248 27
162 168
181 95
138 51
9 1
142 126
234 102
17 50
238 16
70 255
21 240
180 88
60 189
113 226
0 62
188 114
125 125
28 15
181 153
237 188
5 88
50 125
161 174
215 10
88 7
23 156
135 140
4 43
189 44
90 72
52 217
170 36
196 168
222 28
251 104
32 40
216 98
68 30
158 156
34 137
215 37
13 24
209 61
135 108
24 229
29 242
63 172
95 27
136 133
46 125
219 104
78 100
13 141
2 10
67 206
52 78
63 22
235 142
60 125
189 19
101 208
70 7
191 205
76 197
188 97
47 3
68 64
92 165
167 100
232 116
216 71
15 113
130 45
1 58
86 17
126 3
112 10
218 159
39 189
40 35
15 29
78 232
42 113
98 164
155 48
215 104
42 45
225 200
17 188
4 63
126 63
135 196
2 27
175 228
120 147
88 214
43 165
44 234
80 192
222 70
39 90
71 25
252 209
98 190
163 19
79 211
224 253
237 180
109 199
166 130
238 66
85 81
221 37
20 249
150 201
216 235
91 113
70 213
240 249
174 179
27 53
213 218
67 252
186 234
85 160
78 77
225 93
20 227
240 78
247 129
183 112
151 137
182 100
105 181
64 185
211 171
117 6
58 82
76 224
250 239
94 149
227 39
192 194
17 156
177 72
226 54
180 244
126 8
248 182
247 252
126 79
28 88
11 111
213 139
112 127
167 70
241 140
62 200
235 186
207 221
44 159
107 70
36 130
105 209
112 61
54 215
113 32
59 207
75 131
4 60
172 249
107 242
27 36
214 28
176 98
14 226
125 73
142 112
112 247
215 128
46 25
23 154
194 202
131 54
104 29
144 111
178 196
152 73
250 131
0 34
74 135
187 100
203 127
239 139
76 8
63 33
197 68
54 95
136 52
155 36
236 133
92 37
163 111
210 198
208 239
69 29
254 162
111 48
100 250
126 59
57 185
218 99
152 174
6 38
68 251
110 138
212 168
44 3
155 198
76 251
196 235
142 171
228 170
44 207
141 229
18 76
78 241
153 222
110 80
170 193
143 130
37 76
158 73
80 77
7 202
145 33
101 234
91 158
91 192
154 120
63 1
11 170
207 20
87 5
112 66
60 237
216 33
22 84
37 217
189 216
244 162
5 128
255 220
181 231
48 44
83 229
226 87
236 114
253 228
45 71
118 246
181 138
151 242
239 179
23 216
206 237
215 146
158 250
130 236
30 73
153 99
138 242
242 117
239 93
164 240
137 229
252 129
0 14
159 160
198 38
154 238
17 217
217 175
87 82
140 36
99 225
3 82
193 66
74 202
30 234
31 70
67 20
57 178
143 109
238 216
80 242
171 140
111 45
116 157
248 19
18 88
199 97
120 206
165 70
125 102
237 49
120 6
238 105
43 193
154 164
183 36
220 138
188 224
35 251
3 53
164 99
201 159
68 50
55 248
188 255
40 36
38 165
167 27
106 191
220 90
223 34
71 42
86 134
154 183
214 252
94 161
39 186
249 40
123 40
40 55
84 167
84 130
214 246
255 91
202 39
205 155
181 97
202 70
91 163
214 202
124 73
212 66
79 242
85 243
243 125
201 43
73 120
58 102
242 222
132 176
135 216
61 107
196 18
154 183
14 116
180 74
127 40
135 235
71 239
216 243
191 5
240 201
8 232
206 174
102 121
153 76
106 49
12 192
94 128
223 135
238 198
91 43
95 126
117 137
171 179
147 12
35 201
198 36
203 136
11 186
13 159
186 202
0 105
196 111
236 24
124 6
123 56
102 102
181 200
42 133
140 212
104 108
169 229
70 149
92 166
45 255
186 25
230 35
55 232
164 87
27 107
77 62
116 87
77 10
87 94
164 181
102 31
75 147
222 112
224 138
21 173
83 191
12 31
27 57
95 51
11 2
132 222
78 73
37 49
117 74
12 97
253 71
94 141
103 203
41 98
255 23
86 15
3 60
219 250
210 196
1 150
132 80
216 108
83 180
192 235
129 141
112 40
252 73
156 94
89 183
218 193
132 121
174 40
34 119
34 245
180 97
145 200
87 22
113 188
170 253
159 17
225 127
20 155
93 248
200 40
205 147
58 71
51 172
219 226
55 254
44 118
60 15
185 144
171 123
189 27
146 193
186 93
43 56
30 59
135 202
45 125
77 215
98 33
193 28
22 229
136 43
69 18
160 170
190 137
133 112
101 248
233 242
114 147
141 127
164 130
228 247
58 249
12 213
119 177
161 93
201 109
118 40
149 95
46 194
164 88
78 237
43 243
54 102
23 214
35 161
210 155
243 20
247 168
253 108
167 79
194 201
208 79
108 190
164 75
119 204
161 69
165 236
14 65
234 34
191 228
50 124
92 199
209 114
81 109
48 67
244 6
66 120
248 46
217 156
195 197
111 98
226 148
102 101
210 153
219 88
244 227
159 134
95 252
206 39
116 229
190 243
137 194
24 130
47 248
121 117
177 158
156 143
10 115
48 19
181 241
31 52
18 89
143 21
229 207
248 214
77 28
54 36
168 219
63 2
28 7
56 95
28 10
184 49
232 14
181 148
156 237
186 21
88 18
88 16
8 57
121 21
41 235
127 141
242 235
124 192
191 177
245 168
212 48
239 249
92 206
226 54
183 30
129 56
87 53
226 103
253 28
217 94
150 255
39 0
117 3
106 104
174 51
158 195
212 191
126 109
91 42
17 198
103 118
43 221
193 186
46 28
158 143
77 110
241 253
146 38
187 189
146 234
248 89
209 52
65 118
64 252
211 214
204 28
61 89
79 224
198 48
57 128
148 196
125 177
93 21
253 210
81 11
236 236
99 34
94 88
133 38
55 139
248 76
162 55
102 125
93 204
251 35
195 112
238 186
133 172
69 77
151 115
237 241
108 193
17 188
26 175
161 40
207 141
176 216
62 72
114 25
11 66
225 172
19 3
54 50
163 207
2 213
185 157
113 162
241 111
218 74
112 236
231 48
84 4
24 207
112 109
225 213
141 233
150 167
31 52
26 115
14 239
233 183
246 22
185 209
205 135
74 133
36 15
118 172
183 175
99 67
189 177
245 22
253 64
134 238
172 219
238 242
216 136
186 100
156 27
180 51
32 197
167 234
159 58
105 227
88 42
158 113
83 57
58 83
195 16
41 186
159 197
31 133
127 199
193 9
186 137
169 57
254 160
9 216
72 193
40 213
241 28
199 68
205 156
5 203
253 198
224 234
169 60
40 236
79 18
62 142
138 221
190 45
202 159
131 192
22 174
93 20
241 185
178 167
54 100
252 252
41 101
154 114
40 230
152 142
217 185
188 107
165 39
31 87
111 234
136 95
29 31
122 30
197 33
217 37
104 159
198 6
198 159
3 28
207 181
92 157
51 216
249 59
196 179
97 60
47 194
86 7
245 154
20 40
247 90
119 182
181 58
77 178
10 87
181 244
201 143
228 251
172 242
6 174
156 49
170 54
150 34
223 196
105 228
91 199
129 1
253 42
194 19
207 0
253 124
112 164
165 89
185 115
121 208
40 27
220 21
252 40
186 146
116 201
118 214
176 133
86 32
13 224
171 63
156 192
38 63
175 27
221 174
2 81
108 123
153 164
176 186
234 250
124 228
251 57
115 90
115 22
98 101
255 219
58 183
18 114
22 172
80 223
9 206
129 140
108 185
23 55
211 212
52 112
108 34
205 222
177 184
9 7
23 55
67 117
132 130
227 187
184 40
236 13
88 80
128 84
134 45
129 84
122 41
208 219
110 84
109 106
2 63
40 213
125 98
249 199
78 113
236 118
56 30
54 216
84 42
175 104
132 132
187 164
104 215
204 182
233 211
221 9
151 175
39 123
13 216
162 186
145 20
185 183
45 81
253 132
17 83
178 180
219 228
113 236
42 249
15 86
160 202
223 117
60 91
77 31
170 144
138 42
132 82
75 155
148 51
252 0
146 100
43 194
13 126
0 190
177 234
189 204
224 216
42 18
234 255
114 236
253 48
175 253
110 77
52 183
10 41
19 90
100 91
2 102
6 226
183 55
76 179
57 190
25 118
231 85
192 154
207 92
115 193
69 109
134 196
223 224
242 38
216 108
60 74
254 93
73 122
39 155
138 45
67 229
138 24
228 175
19 222
109 51
241 238
150 112
64 230
66 70
25 146
31 250
111 124
125 188
179 138
220 50
186 183
16 77
136 164
81 162
117 55
27 18
11 156
52 20
34 162
217 224
75 55
160 245
178 84
151 47
165 215
245 187
223 113
192 82
205 128
15 237
83 90
22 146
106 210
222 177
236 104
7 18
194 183
231 3
97 152
215 196
53 32
64 116
45 44
195 191
161 119
47 28
152 187
22 20
135 79
27 217
240 103
82 114
127 96
24 10
205 57
18 141
202 9
190 22
63 251
10 13
123 131
65 77
99 153
2 38
84 167
249 58
208 15
103 89
67 63
87 87
120 205
227 131
182 59
40 188
242 212
111 62
196 66
6 114
33 19
112 138
10 233
97 67
157 215
74 57
229 163
204 215
146 224
68 116
173 22
108 161
139 152
7 156
155 8
87 169
16 254
252 21
50 182
226 85
228 219
114 142
212 14
21 121
28 64
91 26
146 47
148 74
235 124
155 227
91 92
143 3
184 168
234 175
173 200
83 52
70 250
223 201
198 236
180 58
191 157
240 72
214 46
153 4
234 231
222 42
41 104
236 109
146 71
57 23
169 65
21 107
60 103
182 239
255 153
249 222
228 253
112 20
23 18
10 233
149 236
26 70
218 194
107 104
255 106
192 171
108 25
28 177
65 129
97 224
151 129
122 104
72 137
63 130
100 240
14 83
173 52
48 123
216 177
112 18
3 2
187 154
185 52
187 145
53 10
238 122
47 134
233 160
51 226
47 128
195 8
161 59
12 67
92 47
109 135
143 136
116 14
241 213
240 252
138 209
217 146
118 180
211 187
14 253
108 137
212 18
73 28
197 80
1 52
23 24
190 154
51 254
9 70
138 197
243 159
153 187
151 165
152 67
99 4
37 50
179 125
162 107
245 5
234 167
112 91
128 159
80 200
3 12
41 229
4 123
233 230
45 87
7 215
9 0
194 115
69 236
229 209
28 187
180 241
26 158
216 74
145 255
92 170
247 108
238 130
162 57
43 167
4 72
76 23
171 202
230 69
211 118
255 137
208 136
164 60
240 151
123 47
177 93
223 45
180 98
186 94
135 97
146 32
82 116
159 125
216 151
255 226
184 128
194 78
174 132
14 60
164 194
197 94
234 73
168 186
226 218
2 224
213 117
222 100
122 191
177 40
188 107
24 123
21 168
129 80
152 104
252 248
30 51
149 46
73 140
179 158
41 86
4 9
218 85
223 242
76 160
22 106
7 5
224 172
19 149
130 115
208 148
183 88
170 65
76 20
37 51
220 74
210 120
70 22
60 153
31 25
41 101
56 168
188 84
27 38
8 69
80 249
212 153
159 146
177 74
111 71
5 134
19 126
65 161
180 184
69 122
114 85
137 70
52 17
47 171
171 54
147 18
173 55
75 135
125 224
248 54
225 255
21 54
226 88
59 62
25 18
163 62
56 26
42 157
131 12
227 180
181 122
20 50
10 231
81 197
35 100
189 17
95 187
92 36
107 109
104 116
165 158
158 220
116 144
205 174
63 100
208 58
28 137
181 168
75 239
90 174
81 255
202 17
143 160
104 82
205 63
30 15
177 161
188 118
97 73
221 92
43 26
100 36
228 89
43 167
187 193
105 2
141 210
228 80
184 130
2 5
201 110
3 57
177 39
18 210
176 138
188 114
197 27
150 28
4 123
40 197
20 126
5 55
230 246
184 227
250 255
248 174
144 160
25 172
129 169
246 26
158 63
111 243
231 225
253 64
36 211
16 241
242 26
160 107
112 105
55 214
68 122
38 217
51 78
213 75
87 241
51 186
197 196
170 95
195 213
213 230
221 201
155 71
230 25
75 236
102 240
96 250
56 65
237 113
27 191
170 50
73 34
119 13
170 247
83 131
91 176
106 100
105 19
169 18
103 242
160 215
137 21
118 228
161 154
65 176
167 208
93 151
160 239
145 49
198 162
74 23
187 160
41 193
121 252
92 0
218 138
232 124
91 252
67 210
66 214
60 29
71 25
40 22
208 233
146 145
137 195
87 0
95 157
123 115
128 0
243 52
76 37
57 229
37 61
254 171
26 135
16 252
100 113
56 138
80 30
132 11
119 31
2 129
57 166
58 118
90 219
43 152
71 112
250 10
221 113
113 247
139 60
8 83
142 241
6 30
86 50
191 115
109 177
191 209
141 45
39 213
19 12
89 64
50 41
49 38
122 158
139 202
153 0
83 31
87 1
59 91
148 164
254 17
140 48
204 239
196 116
211 245
230 0
131 160
129 87
72 206
135 255
0 36
106 39
121 184
229 61
26 16
196 52
113 8
40 158
89 29
95 242
202 206
254 222
14 14
53 204
161 58
152 187
199 39
1 206
71 81
41 233
162 23
126 72
125 69
62 193
236 29
72 53
180 194
62 54
184 249
199 193
35 133
163 67
142 131
242 34
101 227
135 243
61 229
51 165
127 1
236 44
223 76
169 170
17 28
1 120
122 207
56 217
54 244
85 231
47 30
215 191
185 78
111 91
247 119
127 143
168 184
234 29
158 22
46 247
142 244
160 13
10 209
57 122
136 183
239 95
37 24
247 123
243 206
104 183
52 92
192 7
233 81
92 169
77 118
29 207
128 209
207 131
192 190
248 246
111 82
254 152
56 213
234 108
40 134
63 133
182 146
31 71
91 185
8 151
219 241
169 131
81 225
183 147
51 143
157 204
110 129
157 250
109 224
192 53
196 174
119 214
93 43
135 204
180 71
28 14
15 199
187 60
42 60
6 187
233 45
84 204
21 204
236 226
141 175
125 186
22 6
98 133
156 44
3 213
234 93
62 156
61 222
187 253
225 109
93 154
80 213
245 196
15 194
192 150
244 86
119 109
62 77
31 80
13 88
8 7
177 70
98 65
195 163
221 82
113 150
91 18
143 199
127 198
93 6
87 68
35 107
137 188
80 102
78 21
20 82
216 86
19 113
177 152
199 29
235 162
217 235
234 101
36 165
176 161
127 161
77 165
21 38
149 178
228 120
133 31
151 199
3 96
77 125
136 52
160 181
23 159
57 206
197 66
233 108
106 100
250 121
135 57
180 143
124 95
177 246
79 82
198 176
110 79
208 121
127 129
53 178
153 33
26 73
240 249
207 221
135 199
22 253
179 238
61 29
236 93
101 83
122 160
117 104
199 100
184 66
131 176
124 127
219 170
55 113
81 167
80 210
244 206
91 80
155 122
9 53
91 224
23 124
174 35
67 213
63 56
3 35
74 242
156 33
45 247
239 103
6 29
126 28
199 217
163 192
171 109
58 109
231 191
113 171
144 99
250 147
102 119
233 6
193 181
4 219
50 248
147 10
122 98
222 181
192 162
28 216
69 155
73 54
34 125
244 23
74 134
94 58
144 74
110 190
239 4
217 160
82 130
57 242
15 112
201 219
72 45
98 44
39 155
192 184
255 139
115 1
187 0
9 102
98 107
64 207
28 1
30 198
122 115
164 28
75 250
4 178
48 226
244 141
73 231
33 245
239 130
177 54
17 76
77 119
52 198
250 238
163 56
114 203
184 220
84 107
29 109
13 47
180 145
83 68
75 137
243 120
155 12
1 141
251 153
222 254
192 30
7 29
154 238
230 58
197 219
233 10
173 222
204 44
143 71
154 211
124 135
110 204
172 16
133 6
44 213
255 108
57 109
39 255
229 191
199 194
140 13
80 2
1 25
120 171
251 2
148 44
82 116
95 191
163 144
141 198
15 104
61 199
115 105
168 22
113 130
11 152
54 53
151 93
161 218
180 42
64 136
48 136
6 9
80 126
36 206
68 147
37 53
140 156
207 205
173 224
233 210
53 72
65 182
6 210
243 29
124 78
29 25
201 53
102 173
135 26
51 22
88 28
153 91
253 78
29 22
26 18
208 139
138 14
207 210
233 8
76 49
6 231
239 230
2 169
137 41
163 42
213 251
185 168
36 42
7 218
183 186
243 52
8 248
19 40
9 159
244 83
238 203
209 240
14 44
244 239
72 161
37 169
40 91
234 251
182 36
31 93
154 200
28 158
70 39
105 21
202 125
129 195
14 53
39 242
195 142
65 38
220 138
215 237
37 107
186 199
184 172
255 77
92 74
179 223
243 90
39 38
212 178
131 86
95 197
124 70
177 0
87 148
65 52
92 221
35 232
243 254
179 19
107 22
96 251
198 182
35 54
21 149
103 16
230 71
249 120
10 96
123 178
154 115
114 243
211 53
1 42
175 67
250 62
38 18
253 173
217 164
69 208
220 207
186 131
113 125
31 97
163 98
79 4
245 148
211 133
224 229
189 25
60 32
3 11
74 189
18 33
144 164
44 6
255 211
3 2
75 255
125 106
40 5
6 32
232 49
127 180
181 62
106 117
128 141
169 30
170 94
92 52
139 141
64 164
139 249
240 187
90 74
246 133
252 98
215 68
217 22
175 90
85 11
240 134
89 19
210 65
190 164
40 213
58 150
141 171
233 54
78 139
57 76
75 49
97 178
105 95
169 247
163 4
35 242
247 138
190 103
197 150
127 168
229 114
227 199
201 210
24 233
209 8
219 149
103 178
40 52
51 208
0 104
12 14
98 255
110 110
102 27
35 255
85 12
150 213
146 150
180 3
110 198
18 45
173 249
194 49
122 208
4 22
111 26
38 245
135 74
171 16
149 93
103 9
78 206
93 142
247 77
147 56
1 0
100 217
88 164
238 175
184 13
198 80
199 79
223 254
246 114
131 189
127 48
217 201
205 66
183 35
212 92
245 158
89 138
9 47
160 75
223 19
245 75
101 11
140 200
188 96
38 145
95 14
208 126
225 198
112 149
90 147
155 105
154 136
189 66
70 105
248 208
6 141
178 217
14 221
15 96
49 167
85 154
131 226
53 94
34 243
101 211
208 247
178 155
57 73
14 206
241 113
29 251
154 170
6 186
165 214
174 93
139 141
254 97
153 218
132 184
105 253
71 22
98 221
35 109
3 245
17 71
10 117
133 212
11 50
2 33
101 125
198 202
23 171
233 104
4 65
214 45
67 96
154 82
102 249
121 233
63 139
21 231
118 73
50 62
159 86
132 144
246 124
237 96
127 53
233 160
155 176
12 242
196 26
72 178
83 164
143 82
120 23
22 234
222 35
248 252
133 23
67 255
198 135
162 149
151 143
31 224
132 21
135 158
115 80
230 137
221 114
154 204
33 175
95 17
230 216
225 136
227 54
128 135
212 7
183 123
225 10
213 198
244 229
55 95
171 3
238 75
140 75
85 202
91 102
252 5
87 213
7 207
99 68
249 86
99 214
44 69
43 180
166 245
134 145
116 219
201 44
81 195
206 199
120 61
124 48
96 98
12 101
60 244
211 209
69 146
142 102
95 163
232 212
93 8
104 239
122 208
31 184
93 220
253 56
203 49
155 105
253 99
0 16
135 57
247 5
245 87
144 255
73 85
248 143
34 26
102 128
57 175
156 91
202 230
232 154
45 61
51 11
40 139
68 217
133 63
11 223
18 52
68 140
97 186
38 201
188 102
71 153
11 57
127 166
150 55
34 133
157 158
147 163
91 255
103 26
87 40
108 54
186 59
71 63
220 69
67 146
152 156
57 121
150 15
138 159
131 90
167 9
30 121
190 71
21 142
205 41
202 28
87 51
237 204
15 146
154 106
148 176
91 205
127 8
119 85
67 195
47 48
206 40
183 58
248 6
242 137
244 253
193 150
176 252
72 162
157 211
176 199
201 17
108 89
226 124
126 43
69 252
128 159
129 221
239 174
33 58
132 242
130 245
225 246
48 216
144 244
216 236
247 194
94 55
166 142
107 188
171 125
47 65
81 224
205 5
56 133
40 165
237 130
90 86
107 202
75 127
90 179
118 155
228 174
48 18
225 9
70 67
125 37
122 207
3 227
118 242
222 98
35 14
166 68
64 3
89 140
28 99
20 165
179 32
156 86
96 156
19 10
196 192
33 99
85 249
51 121
189 223
64 4
57 134
47 116
89 54
151 153
159 188
150 224
186 193
75 183
163 34
61 185
86 53
187 59
176 75
135 32
245 71
26 166
115 176
210 49
3 225
99 40
237 72
24 24
9 55
89 19
134 239
8 39
128 208
81 179
67 134
158 127
113 142
124 176
217 201
178 151
89 91
198 134
229 249
220 150
95 144
61 236
139 36
222 56
4 145
148 80
74 34
85 86
177 228
159 186
255 32
182 25
165 32
16 91
250 201
94 24
136 234
44 216
19 187
8 255
49 51
84 223
246 238
30 55
30 113
234 137
110 79
69 245
127 244
174 169
174 28
10 2
237 247
249 6
216 120
229 82
240 21
158 131
177 71
124 111
145 203
168 150
229 217
105 20
206 70
36 24
62 159
63 9
246 255
42 79
230 213
109 159
128 174
173 46
119 5
71 207
104 187
93 53
27 121
99 169
143 59
197 107
205 41
137 227
56 177
158 229
92 112
191 201
62 202
155 41
121 209
2 116
226 170
0 255
33 201
160 54
197 20
142 0
147 208
155 43
49 76
97 205
255 182
189 80
59 24
17 159
147 241
44 39
140 91
147 87
111 124
180 220
10 203
32 156
17 24
222 147
132 18
11 110
240 80
221 210
72 80
136 132
53 199
97 143
172 75
196 134
12 10
94 16
237 19
32 37
57 60
191 72
232 171
255 212
123 209
167 71
1 92
220 183
180 51
195 17
104 141
5 220
30 39
9 177
49 171
68 52
185 145
4 251
33 116
201 155
188 211
40 187
232 141
96 21
224 132
19 244
182 92
196 12
90 185
218 237
159 52
223 91
55 121
28 65
92 54
107 182
236 53
75 23
38 216
66 70
103 184
47 128
9 142
27 11
22 24
253 101
132 57
224 176
35 84
134 21
56 89
47 166
244 100
12 18
79 5
122 21
143 22
43 215
170 190
30 226
32 215
106 95
238 248
45 177
216 41
184 191
149 107
230 251
14 43
100 10
33 36
40 189
249 6
188 197
223 40
131 16
166 176
140 40
125 184
139 205
169 214
19 247
235 215
180 146
154 50
100 80
26 236
130 213
236 131
94 92
167 193
187 59
242 108
208 157
139 37
57 111
157 216
21 65
51 158
22 52
43 95
32 136
132 150
146 102
149 124
120 48
101 210
178 249
17 204
199 142
69 39
161 82
18 245
62 32
56 158
132 23
180 125
249 173
47 17
187 192
158 203
121 11
85 8
29 167
113 67
171 238
52 30
255 232
207 242
114 135
207 207
157 238
63 137
121 62
233 54
229 148
15 206
221 145
242 29
186 58
223 84
137 177
235 54
122 134
76 64
232 20
147 2
79 185
201 248
132 86
166 88
1 176
51 103
221 135
130 138
215 74
54 36
198 7
28 127
183 16
202 205
45 125
191 66
191 255
250 52
4 15
173 224
88 71
20 157
105 249
217 223
85 114
90 212
230 172
167 141
111 23
84 82
143 202
71 196
65 184
95 56
84 95
58 61
175 164
187 91
127 0
188 9
89 8
232 225
158 198
231 112
119 82
81 5
55 46
175 251
201 122
69 126
133 148
231 45
12 61
29 43
103 141
166 12
198 189
210 163
246 180
75 52
193 66
190 106
118 145
182 175
245 205
183 55
225 157
152 222
173 33
103 230
44 222
10 116
219 15
181 194
234 122
165 44
83 214
33 170
3 225
245 50
103 75
20 164
152 138
87 172
172 189
198 243
34 94
27 52
185 94
229 58
213 93
253 8
86 7
198 150
88 2
198 12
30 16
135 27
86 143
115 173
250 33
21 247
39 192
247 132
197 161
80 169
9 108
219 172
230 79
125 200
52 134
202 31
149 180
150 147
58 254
140 223
23 75
113 177
203 183
249 85
110 147
110 8
205 152
21 42
38 134
18 255
211 87
172 103
60 194
139 211
152 103
30 213
215 149
192 35
119 179
46 86
189 209
155 232
79 229
213 69
186 71
235 122
75 11
32 200
197 161
49 13
156 252
2 133
26 129
222 167
144 199
163 225
81 144
134 129
103 13
185 37
151 251
203 84
159 206
169 245
84 246
234 204
153 82
126 55
255 179
250 101
187 160
244 9
111 173
68 154
189 102
187 83
40 6
65 120
123 242
211 114
197 184
22 120
50 193
93 5
108 140
204 230
122 125
248 89
79 30
95 207
214 46
42 243
143 62
121 187
246 253
66 138
142 100
131 31
247 106
123 152
76 99
196 233
80 240
35 56
78 196
104 18
238 40
179 30
167 199
57 243
242 120
16 71
131 70
175 183
198 89
8 30
255 111
89 11
119 190
26 217
191 53
76 243
82 30
116 252
125 50
13 1
134 173
189 57
103 247
159 38
229 229
68 0
137 56
24 161
145 3
207 182
237 191
31 97
161 85
119 134
180 13
146 203
100 27
41 247
122 83
166 90
84 216
230 7
115 67
23 130
135 244
129 27
128 208
108 245
193 71
14 201
133 214
133 248
72 160
247 198
98 112
75 71
62 21
212 238
167 22
190 37
64 144
49 163
181 211
244 216
199 207
185 10
153 235
248 9
189 13
190 50
218 1
237 222
231 222
176 5
243 57
252 123
71 145
253 64
44 183
183 245
62 77
43 114
13 246
52 134
249 74
172 249
51 71
19 127
104 126
199 54
5 47
47 77
26 148
250 121
200 158
241 255
21 94
76 237
54 92
229 203
88 55
98 12
126 202
111 214
125 44
24 72
233 44
94 154
115 227
100 190
142 199
104 135
129 164
221 97
140 69
86 23
192 179
251 24
210 154
70 84
239 48
95 101
112 221
70 31
75 47
136 229
13 106
129 213
10 253
15 205
123 111
194 51
117 133
121 37
35 186
61 155
5 218
126 99
100 201
177 104
28 85
249 21
19 117
15 237
12 124
9 46
92 83
72 175
13 221
67 99
247 60
205 177
192 122
66 123
240 82
9 49
32 206
82 191
138 195
86 81
48 251
225 62
101 159
155 101
220 65
249 249
127 87
50 210
176 14
105 176
54 4
77 47
122 128
1 134
212 64
28 152
175 66
143 251
39 172
241 210
143 35
134 55
142 189
150 201
101 210
192 102
200 51
215 45
183 118
239 248
207 146
215 79
58 41
22 40
13 181
242 85
255 120
246 8
107 183
180 199
195 104
29 169
65 188
70 152
40 228
198 156
248 179
26 105
201 79
36 85
151 220
122 112
54 194
28 176
52 92
241 181
17 34
145 161
12 26
99 15
3 4
174 251
156 173
151 35
160 50
46 43
6 56
51 45
233 130
170 147
155 179
143 64
233 27
119 10
237 133
225 4
242 90
54 35
206 208
75 224
193 30
33 208
101 18
5 39
250 41
71 240
214 136
72 254
198 23
252 98
207 35
100 132
221 165
255 186
165 11
205 172
198 60
223 19
234 106
186 211
224 40
155 15
13 220
122 174
143 26
176 34
146 101
31 159
137 221
85 150
171 99
105 132
240 141
110 124
35 29
60 98
183 215
208 177
84 53
2 75
41 77
217 95
68 167
40 80
251 126
112 124
5 116
77 129
156 14
82 140
217 117
196 124
116 126
73 43
89 214
236 196
172 125
149 56
15 65
30 162
75 138
218 66
54 4
44 75
111 234
72 98
173 238
161 57
54 224
99 24
214 137
244 197
121 164
127 25
179 107
229 107
135 21
86 129
154 205
101 209
251 43
195 112
34 120
173 247
53 202
208 28
55 23
128 235
253 53
171 18
215 221
145 121
170 123
109 25
76 108
74 224
89 121
176 32
66 194
153 250
177 142
172 67
106 161
211 255
88 139
169 137
10 187
23 199
71 4
23 204
145 174
5 238
227 148
35 208
95 105
231 140
230 160
253 104
130 29
58 48
138 242
241 145
142 254
168 212
134 212
139 60
149 156
63 96
148 254
110 69
234 70
229 173
62 150
28 84
90 104
175 185
121 223
126 228
14 165
125 29
89 187
127 60
141 177
9 41
14 39
185 174
78 125
233 208
201 240
153 30
232 165
16 162
57 85
218 213
235 155
1 118
182 64
80 115
91 16
189 110
76 14
100 156
50 15
5 220
133 153
56 72
112 192
218 248
110 24
201 110
162 101
46 179
54 6
151 68
29 224
251 186
44 180
240 16
37 52
24 86
137 231
186 114
208 173
3 63
121 124
181 198
21 208
169 216
97 221
142 147
204 53
135 240
35 16
201 114
63 73
230 159
92 214
129 45
134 145
139 239
57 29
98 29
31 17
203 175
153 24
191 92
34 154
180 146
69 150
247 167
241 186
162 5
185 65
200 214
252 196
31 70
85 174
112 185
155 225
59 66
13 92
139 188
139 170
173 215
192 93
87 159
238 230
141 156
84 126
239 165
99 73
157 180
60 166
171 229
54 217
17 235
194 33
198 58
41 64
85 42
27 128
248 113
209 167
142 219
12 16
141 230
99 161
85 187
122 60
230 175
112 59
250 111
189 168
108 50
58 218
59 120
18 1
181 0
137 222
218 137
251 191
185 78
30 127
44 160
23 118
110 111
180 55
104 3
177 222
190 138
28 176
190 89
129 235
152 17
51 216
138 68
197 199
151 83
123 59
52 124
138 204
179 242
193 136
74 184
176 241
5 7
169 169
96 79
98 48
204 103
219 178
49 28
60 38
47 210
75 205
212 235
222 96
99 168
183 218
201 53
14 91
34 13
197 172
16 83
167 214
73 219
63 165
42 10
107 126
20 120
120 232
180 185
89 247
60 222
185 150
170 4
254 186
70 103
201 124
212 119
60 108
228 225
10 135
100 11
250 70
103 214
122 9
59 106
141 225
68 112
250 142
48 221
80 207
195 244
223 88
214 149
1 255
112 94
81 172
122 183
168 181
180 31
0 146
62 146
111 27
4 38
15 239
163 123
71 201
245 171
67 146
45 23
78 67
84 211
108 152
16 122
141 251
229 75
191 127
29 9
93 30
114 106
244 180
37 143
187 157
226 205
239 118
121 70
32 91
204 221
40 189
21 191
181 221
130 101
4 125
217 117
111 57
62 114
136 166
91 99
91 38
144 136
133 0
62 95
192 43
127 228
23 46
231 247
60 56
80 136
93 168
222 110
146 135
193 198
62 131
249 251
176 168
106 125
225 211
179 65
168 105
103 186
144 208
113 177
199 4
240 234
153 220
33 251
241 196
59 147
79 105
220 89
135 209
180 18
190 106
87 47
89 62
150 243
35 153
6 48
